{"0": {"elem": "Pb", "onsite_partial_chg": 1.336633, "mulli_partial_chg": 0.958689, "onsite_occup": {"s": [2.001267], "p": [0.644898], "d": [10.017202]}, "onsite_occup_perorb": {"s": [[2.001266580012]], "p": [[0.142411708175, 0.36007438104, 0.142411705912]], "d": [[2.002370366372, 2.001726614386, 2.002553542576, 2.001726614309, 2.008825083962]]}, "mulli_occup": {"s": [1.868115], "p": [1.178217], "d": [9.994979]}, "mulli_occup_perorb": {"s": [[1.868115083053]], "p": [[0.315635827749, 0.546944914549, 0.315635824685]], "d": [[1.999924424413, 1.997919513917, 1.999861463662, 1.997919513872, 1.999354130271]]}, "orb_energies": {"s": [[-12.654893]], "p": [[-5.0746, -5.408314, -5.0746]], "d": [[-20.940229, -20.962945, -20.953055, -20.962945, -20.944038]]}, "inter_orb_combos": {"cohp": {"s-p": 0.407848, "p-s": 0.407848, "p-d": 0.020397, "d-p": 0.020397}, "coop": {"s-p": 0.000151, "p-s": 0.000151, "p-d": -1e-06, "d-p": -1e-06}, "bond_occup": {"s-p": [[[-0.0, 0.459498, 0.0]]], "p-s": [[[-0.0], [0.459498], [0.0]]], "p-d": [[[0.0, 0.05568, 0.0, 0.0, 0.0], [-0.0, -0.0, -0.013274, 0.0, -0.0], [0.0, -0.0, -0.0, 0.05568, 0.0]]], "d-p": [[[0.0, -0.0, 0.0], [0.05568, -0.0, -0.0], [0.0, -0.013274, -0.0], [0.0, 0.0, 0.05568], [0.0, -0.0, 0.0]]]}}, "orb-orb dict": {"s-s": {"orbnums": [[5], [5]], "cohp_matrix": [[[-25.323898781598803]]], "coop_matrix": [[[2.001115161691875]]], "overlaps": [[[0.9999999999999999]]], "hams": [[[-12.654893264707615]]], "bond_occup": [[[2.0011151616918754]]], "orb_ediff": [[[0.0]]], "cohp": [-25.323898781598803], "coop": [2.001115161691875]}, "s-p": {"orbnums": [[5], [6, 7, 8]], "cohp_matrix": [[[2.8384834257861215e-17, 0.40784800953059674, -3.757889897321968e-18]]], "coop_matrix": [[[-0.0, 0.00015140043296156536, 0.0]]], "overlaps": [[[0.0, 0.0003294906675106113, 0.0]]], "hams": [[[-3.060643727675615e-09, 0.8875939802446031, -1.14794143995206e-08]]], "bond_occup": [[[-5.101550635506027e-09, 0.45949839522143515, 1.0435401835999416e-10]]], "orb_ediff": [[[-7.580293405465365, -7.246579397353204, -7.580293408502256]]], "cohp": [0.4078480095305968], "coop": [0.00015140043296156536]}, "s-d": {"orbnums": [[5], [0, 1, 2, 3, 4]], "cohp_matrix": [[[2.0113299464600865e-18, -2.5456507882877716e-17, -3.907895914410556e-05, -7.817092981642344e-18, 2.265947679845804e-17]]], "coop_matrix": [[[0.0, 0.0, 1.7887253617757134e-08, 0.0, 0.0]]], "overlaps": [[[0.0, 0.0, -1.942695016294311e-06, 0.0, 0.0]]], "hams": [[[5.369546538878869e-09, -2.8701928688885293e-08, 0.004244279238829871, -1.6619695841384572e-08, 1.873187505784469e-09]]], "bond_occup": [[[3.7454729719540575e-10, 8.252361981156246e-10, -0.009207442994257046, -3.742676756061475e-10, 2.5094955187723957e-10]]], "orb_ediff": [[[8.285335377424916, 8.308051717228834, 8.298161707333433, 8.308051727148596, 8.289145151618479]]], "cohp": [-3.907895914411416e-05], "coop": [1.7887253617757134e-08]}, "p-s": {"orbnums": [[6, 7, 8], [5]], "cohp_matrix": [[[2.838483425826017e-17], [0.40784800953059674], [-3.757889888297571e-18]]], "coop_matrix": [[[0.0], [0.00015140043296156536], [0.0]]], "overlaps": [[[0.0], [0.0003294906675106113], [0.0]]], "hams": [[[-3.060643727675615e-09], [0.8875939802446031], [-1.1479414399520599e-08]]], "bond_occup": [[[-5.101550635506027e-09], [0.45949839522143515], [1.0435401835999416e-10]]], "orb_ediff": [[[7.580293405465365], [7.246579397353204], [7.580293408502256]]], "cohp": [0.4078480095305968], "coop": [0.00015140043296156536]}, "p-p": {"orbnums": [[6, 7, 8], [6, 7, 8]], "cohp_matrix": [[[-0.7226857893447943, 7.052134901197097e-16, -3.009637469778697e-16], [7.052134899700476e-16, -1.9465750848851129, 1.5368615831768873e-16], [-3.009637469755944e-16, 1.5368615830079025e-16, -0.7226857774267484]]], "coop_matrix": [[[0.14241236932771825, 0.0, 0.0], [-0.0, 0.3599227287149516, 0.0], [0.0, 0.0, 0.14241236706437627]]], "overlaps": [[[1.0000000000000002, 0.0, 0.0], [0.0, 0.9999999999999999, 0.0], [0.0, 0.0, 1.0000000000000002]]], "hams": [[[-5.074599859242251, -7.053424219292073e-08, 1.6984988401293827e-09], [-7.053424219292073e-08, -5.408313867354411, 2.4592636289000985e-08], [1.6984988401293827e-09, 2.4592636289000985e-08, -5.074599856205359]]], "bond_occup": [[[0.14241236932771822, -7.547559913983885e-09, 1.3295539505914526e-09], [-7.547559913983885e-09, 0.3599227287149517, 2.1201226182505006e-09], [1.3295539505914526e-09, 2.1201226182505006e-09, 0.14241236706437624]]], "orb_ediff": [[[0.0, 0.33371400811216034, -3.0368916270617774e-09], [-0.33371400811216034, 0.0, -0.33371401114905197], [3.0368916270617774e-09, 0.33371401114905197, 0.0]]], "cohp": [-3.3919466516566548], "coop": [0.6447474651070462]}, "p-d": {"orbnums": [[6, 7, 8], [0, 1, 2, 3, 4]], "cohp_matrix": [[[-5.220113080732321e-19, 0.010167927065311506, 6.982565426253378e-18, -1.6986589753308198e-16, -5.751333972138851e-18], [2.556540647012184e-18, -5.401978158061468e-18, 6.140891263880088e-05, 7.418426798593451e-19, 1.991832463627696e-17], [4.7868347916585585e-21, -2.0109419577693613e-16, 6.650945036049763e-19, 0.010167924643844025, 1.0669111288826137e-17]]], "coop_matrix": [[[0.0, -6.611522767427585e-07, 0.0, 0.0, 0.0], [0.0, 0.0, 2.5189187576567166e-07, 0.0, -0.0], [0.0, -0.0, -0.0, -6.611522755177801e-07, 0.0]]], "overlaps": [[[0.0, -1.1874238691874671e-05, 0.0, 0.0, 0.0], [0.0, 0.0, -1.89760238657312e-05, 0.0, 0.0], [0.0, 0.0, 0.0, -1.1874238691874671e-05, 0.0]]], "hams": [[[4.651861359166965e-09, 0.18261510581179632, 2.726488400399335e-09, -1.3055420703712436e-08, -5.440998311521746e-10], [2.670082231554085e-09, 1.2854213292788028e-08, -0.004626179340879333, 9.103692191172158e-10, -9.192710482448331e-09], [-1.6613076150454372e-09, 2.0505802134950766e-08, -9.602720151223042e-09, 0.18261506266079539, 1.4209607171284824e-08]]], "bond_occup": [[[3.0224634227300805e-11, 0.05567955082418658, 4.58730602594741e-10, 2.7511075939826884e-09, 1.3573247334071708e-09], [-1.5231907318698787e-10, -5.365957460625039e-10, -0.013274217905077745, 8.278739057156563e-10, -1.229414349476406e-09], [1.2618228838476373e-11, -2.999204995858209e-09, -9.693175527068375e-11, 0.05567955072102389, 8.001193764809082e-10]]], "orb_ediff": [[[15.86562878289028, 15.888345122694197, 15.878455112798797, 15.88834513261396, 15.869438557083843], [15.53191477477812, 15.554631114582037, 15.544741104686636, 15.5546311245018, 15.535724548971682], [15.865628785927171, 15.888345125731089, 15.878455115835688, 15.888345135650852, 15.869438560120734]]], "cohp": [0.020397260621793988], "coop": [-1.070412676494867e-06]}, "d-s": {"orbnums": [[0, 1, 2, 3, 4], [5]], "cohp_matrix": [[[2.0113299461217202e-18], [-2.5456507892800483e-17], [-3.907895914410556e-05], [-7.817092984932008e-18], [2.2659476786582843e-17]]], "coop_matrix": [[[0.0], [0.0], [1.7887253617757134e-08], [-0.0], [0.0]]], "overlaps": [[[0.0], [0.0], [-1.942695016294311e-06], [0.0], [0.0]]], "hams": [[[5.369546538878869e-09], [-2.8701928688885296e-08], [0.004244279238829871], [-1.6619695841384572e-08], [1.873187505784469e-09]]], "bond_occup": [[[3.7454729719540575e-10], [8.252361981156246e-10], [-0.009207442994257046], [-3.742676756061475e-10], [2.5094955187723957e-10]]], "orb_ediff": [[[-8.285335377424916], [-8.308051717228834], [-8.298161707333433], [-8.308051727148596], [-8.289145151618479]]], "cohp": [-3.907895914411416e-05], "coop": [1.7887253617757134e-08]}, "d-p": {"orbnums": [[0, 1, 2, 3, 4], [6, 7, 8]], "cohp_matrix": [[[-5.220113080732321e-19, 2.5565406476585117e-18, 4.786834835505712e-21], [0.010167927065311506, -5.401978158629117e-18, -2.0109419579095648e-16], [6.982565431509604e-18, 6.140891263880088e-05, 6.650945037250734e-19], [-1.6986589752856323e-16, 7.4184267946501e-19, 0.010167924643844025], [-5.751333970371285e-18, 1.991832463664594e-17, 1.0669111287922785e-17]]], "coop_matrix": [[[0.0, -0.0, 0.0], [-6.611522767427587e-07, -0.0, 0.0], [0.0, 2.5189187576567166e-07, 0.0], [0.0, 0.0, -6.611522755177802e-07], [0.0, 0.0, 0.0]]], "overlaps": [[[0.0, 0.0, 0.0], [-1.1874238691874673e-05, 0.0, 0.0], [0.0, -1.89760238657312e-05, 0.0], [0.0, 0.0, -1.1874238691874673e-05], [0.0, 0.0, 0.0]]], "hams": [[[4.651861359166965e-09, 2.670082231554085e-09, -1.6613076150454374e-09], [0.18261510581179632, 1.285421329278803e-08, 2.050580213495077e-08], [2.726488400399335e-09, -0.004626179340879333, -9.602720151223044e-09], [-1.3055420703712436e-08, 9.103692191172158e-10, 0.18261506266079539], [-5.440998311521746e-10, -9.192710482448331e-09, 1.4209607171284825e-08]]], "bond_occup": [[[3.0224634227300805e-11, -1.5231907318698787e-10, 1.2618228838476373e-11], [0.05567955082418658, -5.365957460625039e-10, -2.999204995858209e-09], [4.58730602594741e-10, -0.013274217905077745, -9.693175527068375e-11], [2.7511075939826884e-09, 8.278739057156563e-10, 0.05567955072102389], [1.3573247334071708e-09, -1.229414349476406e-09, 8.001193764809082e-10]]], "orb_ediff": [[[-15.86562878289028, -15.53191477477812, -15.865628785927171], [-15.888345122694197, -15.554631114582037, -15.888345125731089], [-15.878455112798797, -15.544741104686636, -15.878455115835688], [-15.88834513261396, -15.5546311245018, -15.888345135650852], [-15.869438557083843, -15.535724548971682, -15.869438560120734]]], "cohp": [0.020397260621793988], "coop": [-1.0704126764948673e-06]}, "d-d": {"orbnums": [[0, 1, 2, 3, 4], [0, 1, 2, 3, 4]], "cohp_matrix": [[[-41.930093298065636, 2.328418655302236e-22, 3.2491622549987375e-20, -9.21439308606893e-22, 1.508814232957932e-18], [2.3284209312472066e-22, -41.9620987459554, -1.564028381784241e-19, -5.424428974017383e-17, -1.0607443057345467e-19], [3.249162090559183e-20, -1.5640283744628167e-19, -41.95960880935196, -2.5832692731846712e-20, -1.2000529903641615e-20], [-9.21439298453152e-22, -5.4244289665284104e-17, -2.5832693975653626e-20, -41.96209876418458, -1.0470799189662024e-20], [1.5088142153209285e-18, -1.060744280783061e-19, -1.200052857728973e-20, -1.047078919844622e-20, -42.072909730188464]]], "coop_matrix": [[[2.002370366372251, 0.0, -0.0, -0.0, -0.0], [0.0, 2.0017272755385136, -0.0, 0.0, 0.0], [0.0, 0.0, 2.002553272796795, 0.0, 0.0], [0.0, 0.0, 0.0, 2.0017272754608775, 0.0], [0.0, -0.0, 0.0, -0.0, 2.0088250839624227]]], "overlaps": [[[0.9999999999999998, 0.0, 0.0, 0.0, 0.0], [0.0, 1.0, 0.0, 0.0, 0.0], [0.0, 0.0, 1.0, 0.0, 0.0], [0.0, 0.0, 0.0, 1.0, 0.0], [0.0, 0.0, 0.0, 0.0, 1.0000000000000002]]], "hams": [[[-20.94022864213253, 2.9002229559782864e-11, 6.0004235634351015e-12, 3.400261396664198e-11, 9.268694570101415e-09], [2.9002229559782867e-11, -20.96294498193645, 1.4961059872297575e-09, -6.802524669183793e-09, -4.3003233427952345e-11], [6.000423563435101e-12, 1.4961059872297575e-09, -20.95305497204105, 4.450315269500281e-10, 1.6601143881822345e-09], [3.400261396664198e-11, -6.802524669183793e-09, 4.4503152695002813e-10, -20.96294499185621, -4.560342893754946e-10], [9.268694570101415e-09, -4.3003233427952345e-11, 1.6601143881822347e-09, -4.560342893754946e-10, -20.944038416326094]]], "bond_occup": [[[2.0023703663722516, 4.66009235683614e-12, -1.700159368496565e-11, -2.4302667334547904e-12, -2.0020219594340936e-10], [4.66009235683614e-12, 2.0017272755385136, -1.1144354665930048e-10, 1.638466274434123e-10, -1.0354063655281475e-10], [-1.700159368496565e-11, -1.1144354665930048e-10, 2.002553272796795, 2.071581601869937e-11, 1.2008349614374993e-11], [-2.4302667334547904e-12, 1.638466274434123e-10, 2.071581601869937e-11, 2.0017272754608775, -4.730760495217727e-11], [-2.0020219594340936e-10, -1.0354063655281475e-10, 1.2008349614374993e-11, -4.730760495217727e-11, 2.008825083962422]]], "orb_ediff": [[[0.0, 0.022716339803917407, 0.012826329908516954, 0.022716349723680196, 0.003809774193562987], [-0.022716339803917407, 0.0, -0.009890009895400453, 9.919762788968e-09, -0.01890656561035442], [-0.012826329908516954, 0.009890009895400453, 0.0, 0.009890019815163242, -0.009016555714953967], [-0.022716349723680196, -9.919762788968e-09, -0.009890019815163242, 0.0, -0.01890657553011721], [-0.003809774193562987, 0.01890656561035442, 0.009016555714953967, 0.01890657553011721, 0.0]]], "cohp": [-209.88680934774604], "coop": [10.01720327413086]}}, "cohp": [-237.746242398615], "coop": [12.663366596745]}, "1": {"elem": "Pb", "onsite_partial_chg": 1.336633, "mulli_partial_chg": 0.958689, "onsite_occup": {"s": [2.001267], "p": [0.644898], "d": [10.017202]}, "onsite_occup_perorb": {"s": [[2.001266787666]], "p": [[0.142411503149, 0.360074574015, 0.142411501306]], "d": [[2.002370371171, 2.001726609889, 2.002553543071, 2.001726609888, 2.008825081843]]}, "mulli_occup": {"s": [1.868115], "p": [1.178217], "d": [9.994979]}, "mulli_occup_perorb": {"s": [[1.868115167543]], "p": [[0.315635689064, 0.546945611834, 0.315635686496]], "d": [[1.999924427731, 1.997919510848, 1.999861463361, 1.997919510851, 1.999354114906]]}, "orb_energies": {"s": [[-12.654893]], "p": [[-5.0746, -5.408314, -5.0746]], "d": [[-20.940229, -20.962945, -20.953055, -20.962945, -20.944038]]}, "inter_orb_combos": {"cohp": {"s-p": 0.407848, "p-s": 0.407848, "p-d": 0.020397, "d-p": 0.020397}, "coop": {"s-p": 0.000151, "p-s": 0.000151, "p-d": -1e-06, "d-p": -1e-06}, "bond_occup": {"s-p": [[[0.0, -0.459499, -0.0]]], "p-s": [[[0.0], [-0.459499], [-0.0]]], "p-d": [[[-0.0, -0.05568, -0.0, 0.0, -0.0], [-0.0, 0.0, 0.013274, 0.0, 0.0], [-0.0, -0.0, 0.0, -0.05568, 0.0]]], "d-p": [[[-0.0, -0.0, -0.0], [-0.05568, 0.0, -0.0], [-0.0, 0.013274, 0.0], [0.0, 0.0, -0.05568], [-0.0, 0.0, 0.0]]]}}, "orb-orb dict": {"s-s": {"orbnums": [[5], [5]], "cohp_matrix": [[[-25.323901526437798]]], "coop_matrix": [[[2.00111536926156]]], "overlaps": [[[0.9999999999999999]]], "hams": [[[-12.654893323708103]]], "bond_occup": [[[2.0011153692615604]]], "orb_ediff": [[[0.0]]], "cohp": [-25.323901526437798], "coop": [2.00111536926156]}, "s-p": {"orbnums": [[5], [6, 7, 8]], "cohp_matrix": [[[-7.13556613585654e-18, 0.40784825605701236, 5.357962656542021e-19]]], "coop_matrix": [[[0.0, 0.00015140051743973445, -0.0]]], "overlaps": [[[0.0, -0.0003294906675106113, 0.0]]], "hams": [[[-2.325489106812355e-09, -0.8875940214983618, -1.069024841875718e-08]]], "bond_occup": [[[5.601474172060817e-09, -0.45949865161160774, -3.4122164013598855e-10]]], "orb_ediff": [[[-7.580293450337703, -7.246579441958127, -7.580293453266564]]], "cohp": [0.40784825605701236], "coop": [0.00015140051743973445]}, "s-d": {"orbnums": [[5], [0, 1, 2, 3, 4]], "cohp_matrix": [[[1.7811811899374268e-17, 7.130476167132401e-18, -3.907872025119033e-05, -1.2111199327445533e-17, 2.6514046972845632e-17]]], "coop_matrix": [[[-0.0, 0.0, 1.788726554906095e-08, 0.0, 0.0]]], "overlaps": [[[0.0, 0.0, -1.942695016294311e-06, 0.0, 0.0]]], "hams": [[[-1.3026325883571852e-08, 3.7273803346275304e-09, 0.004244250462074449, -1.2727298668760384e-08, -4.574457902540395e-09]]], "bond_occup": [[[-1.2359345559820479e-10, 1.6723656553315413e-09, -0.009207449135881807, 1.3392827074608436e-11, -2.415872110052192e-09]]], "orb_ediff": [[[8.285335318682447, 8.308051660039483, 8.298161646952854, 8.308051669880241, 8.289145076031774]]], "cohp": [-3.907872025115098e-05], "coop": [1.788726554906095e-08]}, "p-s": {"orbnums": [[6, 7, 8], [5]], "cohp_matrix": [[[-7.135566134565384e-18], [0.40784825605701236], [5.357962652185945e-19]]], "coop_matrix": [[[0.0], [0.00015140051743973445], [0.0]]], "overlaps": [[[0.0], [-0.0003294906675106113], [0.0]]], "hams": [[[-2.325489106812355e-09], [-0.8875940214983618], [-1.069024841875718e-08]]], "bond_occup": [[[5.601474172060817e-09], [-0.45949865161160774], [-3.4122164013598855e-10]]], "orb_ediff": [[[7.580293450337703], [7.246579441958127], [7.580293453266564]]], "cohp": [0.40784825605701236], "coop": [0.00015140051743973445]}, "p-p": {"orbnums": [[6, 7, 8], [6, 7, 8]], "cohp_matrix": [[[-0.722684750928664, 7.883627404143434e-16, -1.1437275483651867e-18], [7.88362740319197e-16, -1.946576133276359, 1.4504438582509502e-16], [-1.1437275483878753e-18, 1.450443858360639e-16, -0.7226847411629083]]], "coop_matrix": [[[0.1424121643010798, 0.0, 0.0], [-0.0, 0.3599229216050053, 0.0], [0.0, -0.0, 0.14241216245883595]]], "overlaps": [[[1.0000000000000002, 0.0, 0.0], [0.0, 0.9999999999999999, 0.0], [0.0, 0.0, 1.0000000000000002]]], "hams": [[[-5.0745998733704, -7.403203944541654e-08, 3.310972415093202e-10], [-7.403203944541656e-08, -5.408313881749977, -2.2343480618631818e-08], [3.310972415093202e-10, -2.2343480618631818e-08, -5.074599870441539]]], "bond_occup": [[[0.14241216430107978, -8.396729461745706e-09, 1.318621657234875e-09], [-8.396729461745706e-09, 0.35992292160500533, -1.9560928690758256e-09], [1.318621657234875e-09, -1.9560928690758256e-09, 0.14241216245883592]]], "orb_ediff": [[[0.0, 0.33371400837957665, -2.9288607095168118e-09], [-0.33371400837957665, 0.0, -0.33371401130843736], [2.9288607095168118e-09, 0.33371401130843736, 0.0]]], "cohp": [-3.3919456253679288], "coop": [0.644747248364921]}, "p-d": {"orbnums": [[6, 7, 8], [0, 1, 2, 3, 4]], "cohp_matrix": [[[-2.573270519866708e-19, 0.010167930866183087, 5.450917093898745e-18, -9.621477162979186e-17, -2.661856635051778e-17], [5.660485303538207e-18, -2.273614908049915e-18, 6.140827219107735e-05, 1.4318626143700664e-18, 1.2548435651178702e-17], [-1.1892952184398535e-20, -7.191835933297243e-17, -2.9797804899863773e-18, 0.010167928699924984, 7.730383397451572e-18]]], "coop_matrix": [[[-0.0, -6.611524633859989e-07, 0.0, 0.0, 0.0], [-0.0, 0.0, 2.5189291747192044e-07, 0.0, 0.0], [-0.0, -0.0, 0.0, -6.61152449815445e-07, 0.0]]], "overlaps": [[[0.0, 1.1874238691874671e-05, 0.0, 0.0, 0.0], [0.0, 0.0, 1.89760238657312e-05, 0.0, 0.0], [0.0, 0.0, 0.0, 1.1874238691874671e-05, 0.0]]], "hams": [[[9.25071290280268e-09, -0.18261512252289486, -2.5774617049996654e-09, -2.8756331927712884e-08, 8.594576928475435e-09], [-1.8107339224851607e-10, -3.3853730082336905e-09, 0.004626111961975862, 9.403813911760252e-10, 1.0911404204164102e-08], [6.891276019062652e-10, 3.198293019555754e-08, -1.6431943481350212e-08, -0.18261508736537607, 8.247513249413294e-09]]], "bond_occup": [[[-3.257423829175653e-11, -0.055679566542519786, -5.487973415026329e-10, 2.1114266463565434e-09, -2.2750905644483774e-09], [-4.37905388576146e-11, 1.7251059415485174e-09, 0.013274272800995674, 2.1604938781456345e-10, 9.218255007890792e-10], [-2.6760953596554742e-11, -2.1306689113932844e-09, 7.500910650897862e-11, -0.05567956539966303, 9.379957561913503e-10]]], "orb_ediff": [[[15.865628769020152, 15.888345110377188, 15.878455097290558, 15.888345120217945, 15.869438526369478], [15.531914760640575, 15.554631101997611, 15.544741088910982, 15.554631111838368, 15.535724517989902], [15.865628771949012, 15.888345113306048, 15.87845510021942, 15.888345123146806, 15.869438529298339]]], "cohp": [0.020397267838298982], "coop": [-1.0704119957295234e-06]}, "d-s": {"orbnums": [[0, 1, 2, 3, 4], [5]], "cohp_matrix": [[[1.7811811899315618e-17], [7.130476167373782e-18], [-3.907872025119032e-05], [-1.2111199336755443e-17], [2.65140469742348e-17]]], "coop_matrix": [[[0.0], [0.0], [1.788726554906095e-08], [0.0], [-0.0]]], "overlaps": [[[0.0], [0.0], [-1.942695016294311e-06], [0.0], [0.0]]], "hams": [[[-1.3026325883571852e-08], [3.7273803346275304e-09], [0.004244250462074448], [-1.2727298668760382e-08], [-4.574457902540395e-09]]], "bond_occup": [[[-1.2359345559820479e-10], [1.6723656553315413e-09], [-0.009207449135881807], [1.3392827074608436e-11], [-2.415872110052192e-09]]], "orb_ediff": [[[-8.285335318682447], [-8.308051660039483], [-8.298161646952854], [-8.308051669880241], [-8.289145076031774]]], "cohp": [-3.907872025115097e-05], "coop": [1.788726554906095e-08]}, "d-p": {"orbnums": [[0, 1, 2, 3, 4], [6, 7, 8]], "cohp_matrix": [[[-2.5732705195035685e-19, 5.6604853035284e-18, -1.1892952167437791e-20], [0.01016793086618309, -2.2736149024075788e-18, -7.191835933242054e-17], [5.450917097903502e-18, 6.140827219107735e-05, -2.979780490495881e-18], [-9.621477163878881e-17, 1.4318626146692244e-18, 0.010167928699924982], [-2.6618566347154902e-17, 1.2548435651496519e-17, 7.73038339747292e-18]]], "coop_matrix": [[[0.0, 0.0, 0.0], [-6.611524633859989e-07, 0.0, 0.0], [-0.0, 2.5189291747192044e-07, 0.0], [0.0, 0.0, -6.611524498154451e-07], [-0.0, 0.0, 0.0]]], "overlaps": [[[0.0, 0.0, 0.0], [1.1874238691874673e-05, 0.0, 0.0], [0.0, 1.89760238657312e-05, 0.0], [0.0, 0.0, 1.1874238691874673e-05], [0.0, 0.0, 0.0]]], "hams": [[[9.25071290280268e-09, -1.8107339224851607e-10, 6.891276019062651e-10], [-0.18261512252289488, -3.3853730082336905e-09, 3.198293019555754e-08], [-2.5774617049996654e-09, 0.004626111961975862, -1.6431943481350212e-08], [-2.8756331927712884e-08, 9.403813911760252e-10, -0.18261508736537604], [8.594576928475435e-09, 1.0911404204164104e-08, 8.247513249413294e-09]]], "bond_occup": [[[-3.257423829175653e-11, -4.37905388576146e-11, -2.6760953596554742e-11], [-0.055679566542519786, 1.7251059415485174e-09, -2.1306689113932844e-09], [-5.487973415026329e-10, 0.013274272800995674, 7.500910650897862e-11], [2.1114266463565434e-09, 2.1604938781456345e-10, -0.05567956539966303], [-2.2750905644483774e-09, 9.218255007890792e-10, 9.379957561913503e-10]]], "orb_ediff": [[[-15.865628769020152, -15.531914760640575, -15.865628771949012], [-15.888345110377188, -15.554631101997611, -15.888345113306048], [-15.878455097290558, -15.544741088910982, -15.87845510021942], [-15.888345120217945, -15.554631111838368, -15.888345123146806], [-15.869438526369478, -15.535724517989902, -15.869438529298339]]], "cohp": [0.020397267838298982], "coop": [-1.0704119957295236e-06]}, "d-d": {"orbnums": [[0, 1, 2, 3, 4], [0, 1, 2, 3, 4]], "cohp_matrix": [[[-41.9300933990762, -5.693437791694419e-22, 2.618913530496091e-19, -2.4764639638687886e-22, 1.0063342166172744e-17], [-5.693438067238479e-22, -41.96209865531347, 7.971603882242338e-20, -1.3999250435190257e-17, -4.295112121970634e-20], [2.6189134861675994e-19, 7.971603970711373e-20, -41.959608816943515, -1.1716381613156616e-20, 2.845899749565683e-19], [-2.476462651129383e-22, -1.399925045149137e-17, -1.1716382261745197e-20, -41.962098674977135, 2.4803145107351437e-20], [1.0063342184198301e-17, -4.2951123976582366e-20, 2.8458997236872014e-19, 2.4803142448566034e-20, -42.07290965247151]]], "coop_matrix": [[[2.002370371171335, -0.0, 0.0, -0.0, 0.0], [0.0, 2.001727271041658, 0.0, 0.0, 0.0], [0.0, -0.0, 2.0025532732910074, 0.0, 0.0], [0.0, 0.0, -0.0, 2.0017272710399956, 0.0], [0.0, -0.0, 0.0, 0.0, 2.008825081842576]]], "overlaps": [[[0.9999999999999998, 0.0, 0.0, 0.0, 0.0], [0.0, 1.0, 0.0, 0.0, 0.0], [0.0, 0.0, 1.0, 0.0, 0.0], [0.0, 0.0, 0.0, 1.0, 0.0], [0.0, 0.0, 0.0, 0.0, 1.0000000000000002]]], "hams": [[[-20.94022864239055, -5.800445911956573e-11, 4.800338850748081e-11, 4.300330589898838e-11, -5.80643511804152e-09], [-5.8004459119565735e-11, -20.962944983747587, -6.300446336595903e-10, -8.083623478537577e-09, -4.5903451496349137e-10], [4.8003388507480805e-11, -6.300446336595904e-10, -20.953054970660958, -4.200297557730602e-11, 7.310503721453092e-10], [4.300330589898839e-11, -8.083623478537577e-09, -4.2002975577306024e-11, -20.962944993588344, 6.850515092592409e-10], [-5.80643511804152e-09, -4.590345149634913e-10, 7.310503721453092e-10, 6.850515092592409e-10, -20.944038399739878]]], "bond_occup": [[[2.0023703711713354, -1.0306302604118215e-12, 1.1280968239599148e-11, -6.786797869513147e-13, 3.434542577520229e-10], [-1.0306302604118215e-12, 2.001727271041658, -1.268996935582693e-10, 1.6587194672447496e-10, -1.0627166862196557e-10], [1.1280968239599148e-11, -1.268996935582693e-10, 2.0025532732910074, -1.3906052533240614e-11, 3.7896602398499646e-10], [-6.786797869513147e-13, 1.6587194672447496e-10, -1.3906052533240614e-11, 2.0017272710399956, 5.862812290221874e-11], [3.434542577520229e-10, -1.0627166862196557e-10, 3.7896602398499646e-10, 5.862812290221874e-11, 2.0088250818425757]]], "orb_ediff": [[[0.0, 0.02271634135703593, 0.012826328270406862, 0.022716351197793472, 0.003809757349326759], [-0.02271634135703593, 0.0, -0.009890013086629068, 9.840757542178835e-09, -0.01890658400770917], [-0.012826328270406862, 0.009890013086629068, 0.0, 0.00989002292738661, -0.009016570921080103], [-0.022716351197793472, -9.840757542178835e-09, -0.00989002292738661, 0.0, -0.018906593848466713], [-0.003809757349326759, 0.01890658400770917, 0.009016570921080103, 0.018906593848466713, 0.0]]], "cohp": [-209.88680919878183], "coop": [10.017203268386574]}}, "cohp": [-237.746243460237], "coop": [12.663366581998]}, "2": {"elem": "O", "onsite_partial_chg": -0.671362, "mulli_partial_chg": -0.958684, "onsite_occup": {"s": [1.94724], "p": [4.724122]}, "onsite_occup_perorb": {"s": [[1.947240288402]], "p": [[1.523859241121, 1.67640367527, 1.523858896647]]}, "mulli_occup": {"s": [1.922521], "p": [5.036163]}, "mulli_occup_perorb": {"s": [[1.922520847008]], "p": [[1.646572409029, 1.743018962137, 1.646572125195]]}, "orb_energies": {"s": [[-21.92447]], "p": [[-7.907149, -7.989198, -7.907149]]}, "inter_orb_combos": {"cohp": {}, "coop": {}, "bond_occup": {}}, "orb-orb dict": {"s-s": {"orbnums": [[0], [0]], "cohp_matrix": [[[-42.69221118534598]]], "coop_matrix": [[[1.947240288401564]]], "overlaps": [[[1.0]]], "hams": [[[-21.924469948385696]]], "bond_occup": [[[1.947240288401564]]], "orb_ediff": [[[0.0]]], "cohp": [-42.69221118534598], "coop": [1.947240288401564]}, "s-p": {"orbnums": [[0], [1, 2, 3]], "cohp_matrix": [[[1.1023005925266399e-17, 2.56120132365754e-16, 3.208864389939793e-17]]], "coop_matrix": [[[0.0, 0.0, -0.0]]], "overlaps": [[[0.0, 0.0, 0.0]]], "hams": [[[1.1335680640238995e-08, 9.985415459731967e-10, -1.5338452108699546e-08]]], "bond_occup": [[[2.467800190095854e-09, 2.2367892977138627e-07, -1.8112105591640715e-09]]], "orb_ediff": [[[-14.017321412738491, -13.935272188769172, -14.017321438305167]]], "cohp": [2.992317821904183e-16], "coop": [0.0]}, "p-s": {"orbnums": [[1, 2, 3], [0]], "cohp_matrix": [[[1.1023005917466382e-17], [2.5612013238251725e-16], [3.2088643845386317e-17]]], "coop_matrix": [[[0.0], [0.0], [0.0]]], "overlaps": [[[0.0], [0.0], [0.0]]], "hams": [[[1.1335680640238995e-08], [9.985415459731967e-10], [-1.5338452108699546e-08]]], "bond_occup": [[[2.467800190095854e-09], [2.2367892977138627e-07], [-1.8112105591640715e-09]]], "orb_ediff": [[[14.017321412738491], [13.935272188769172], [14.017321438305167]]], "cohp": [2.9923178214536995e-16], "coop": [0.0]}, "p-p": {"orbnums": [[1, 2, 3], [1, 2, 3]], "cohp_matrix": [[[-12.049381366958832, -8.845233393116602e-18, -1.4114524643911885e-15], [-8.845233381216699e-18, -13.393120486680008, -2.1989343858671234e-17], [-1.411452464425708e-15, -2.1989343795028207e-17, -12.049378604197027]]], "coop_matrix": [[[1.5238592411205516, 0.0, 0.0], [0.0, 1.6764036752700022, 0.0], [0.0, 0.0, 1.5238588966472202]]], "overlaps": [[[0.9999999999999999, 0.0, 0.0], [0.0, 1.0, 0.0], [0.0, 0.0, 0.9999999999999999]]], "hams": [[[-7.907148535647204, -1.1589483333262343e-09, -8.184803010240828e-08], [-1.158948333326234e-09, -7.989197759616523, -5.168147628284374e-09], [-8.184803010240828e-08, -5.168147628284374e-09, -7.907148510080528]]], "bond_occup": [[[1.5238592411205518, 8.160964527857001e-09, 1.6883472700143006e-08], [8.160964527857001e-09, 1.6764036752700022, 3.985969100844897e-09], [1.6883472700143006e-08, 3.985969100844897e-09, 1.5238588966472204]]], "orb_ediff": [[[0.0, 0.08204922396931913, -2.556667588748951e-08], [-0.08204922396931913, 0.0, -0.08204924953599502], [2.556667588748951e-08, 0.08204924953599502, 0.0]]], "cohp": [-37.491880457835876], "coop": [4.724121813037774]}}, "cohp": [-80.184091643182], "coop": [6.671362101439]}, "3": {"elem": "O", "onsite_partial_chg": -0.671362, "mulli_partial_chg": -0.958684, "onsite_occup": {"s": [1.94724], "p": [4.724122]}, "onsite_occup_perorb": {"s": [[1.947240288235]], "p": [[1.523858896253, 1.676403678647, 1.523859241901]]}, "mulli_occup": {"s": [1.922521], "p": [5.036163]}, "mulli_occup_perorb": {"s": [[1.922520847118]], "p": [[1.646572124927, 1.743018965067, 1.646572409486]]}, "orb_energies": {"s": [[-21.92447]], "p": [[-7.907149, -7.989198, -7.907149]]}, "inter_orb_combos": {"cohp": {}, "coop": {}, "bond_occup": {}}, "orb-orb dict": {"s-s": {"orbnums": [[0], [0]], "cohp_matrix": [[[-42.69221119514485]]], "coop_matrix": [[[1.947240288235087]]], "overlaps": [[[1.0]]], "hams": [[[-21.924469955292285]]], "bond_occup": [[[1.947240288235087]]], "orb_ediff": [[[0.0]]], "cohp": [-42.69221119514485], "coop": [1.947240288235087]}, "s-p": {"orbnums": [[0], [1, 2, 3]], "cohp_matrix": [[[4.75950233230867e-17, 4.391638656677404e-15, 1.2889548595433697e-17]]], "coop_matrix": [[[0.0, 0.0, 0.0]]], "overlaps": [[[0.0, 0.0, 0.0]]], "hams": [[[-2.419479668307788e-08, 1.9081457907604158e-08, -1.5519622810322792e-08]]], "bond_occup": [[[-2.997976368893096e-09, 2.2909208547423894e-07, -1.3705726700048368e-09]]], "orb_ediff": [[[-14.017321422390415, -13.93527219538585, -14.017321442654788]]], "cohp": [4.4521232285959235e-15], "coop": [0.0]}, "p-s": {"orbnums": [[1, 2, 3], [0]], "cohp_matrix": [[[4.7595023350468935e-17], [4.391638656680704e-15], [1.288954860762986e-17]]], "coop_matrix": [[[-0.0], [0.0], [-0.0]]], "overlaps": [[[0.0], [0.0], [0.0]]], "hams": [[[-2.419479668307788e-08], [1.908145790760416e-08], [-1.5519622810322792e-08]]], "bond_occup": [[[-2.997976368893096e-09], [2.2909208547423894e-07], [-1.3705726700048368e-09]]], "orb_ediff": [[[14.017321422390415], [13.93527219538585], [14.017321442654788]]], "cohp": [4.452123228638803e-15], "coop": [0.0]}, "p-p": {"orbnums": [[1, 2, 3], [1, 2, 3]], "cohp_matrix": [[[-12.04937863586008, 5.286836087669606e-19, -9.002963019953571e-16], [5.2868361413266645e-19, -13.393120514147757, -2.748347544830128e-17], [-9.002963021142146e-16, -2.7483475454674384e-17, -12.049381338070027]]], "coop_matrix": [[[1.523858896253469, 0.0, -0.0], [0.0, 1.67640367864728, 0.0], [0.0, -0.0, 1.5238592419014592]]], "overlaps": [[[0.9999999999999999, 0.0, 0.0], [0.0, 1.0, 0.0], [0.0, 0.0, 0.9999999999999999]]], "hams": [[[-7.90714853290187, 3.508926614742059e-11, 4.962341792508141e-08], [3.508926614742059e-11, -7.989197759906435, 5.6213004368167785e-09], [4.962341792508141e-08, 5.621300436816778e-09, -7.907148512637496]]], "bond_occup": [[[1.5238588962534692, 8.921204648252396e-09, -1.798605398108501e-08], [8.921204648252396e-09, 1.67640367864728, -4.3320128046548095e-09], [-1.798605398108501e-08, -4.3320128046548095e-09, 1.5238592419014594]]], "orb_ediff": [[[0.0, 0.08204922700456585, -2.026437329050168e-08], [-0.08204922700456585, 0.0, -0.08204924726893914], [2.026437329050168e-08, 0.08204924726893914, 0.0]]], "cohp": [-37.49188048807787], "coop": [4.724121816802208]}}, "cohp": [-80.184091683223], "coop": [6.671362105037]}}